1 -929 -153
2 -167 -40
3 -552 997
4 -755 -46
5 -338 -850
6 706 701
7 -807 -536
8 -650 -532
9 376 -241
10 -418 238
11 36 -11
12 -4 205
13 -833 122
14 362 -22
15 -712 818
16 -832 -684
17 -329 -269
18 560 -185
19 -85 639
20 495 -282
21 -572 -433
22 78 764
23 483 712
24 110 8
25 714 658
26 344 -862
27 -691 -296
28 -869 -342
29 -363 777
30 -811 481
31 442 25
32 620 506
33 426 362
34 402 -872
35 241 -325
36 -985 -368
37 -943 602
38 -979 210
39 -930 -286
40 -36 -937
41 -697 226
42 -296 629
43 -43 -214
44 366 -230
45 709 456
46 45 648
47 -549 -890
48 920 142
49 837 -549
50 880 -120
51 914 -225
52 -729 -354
53 952 -124
54 80 316
55 -368 859
56 933 -264
57 -323 -735
58 -153 -114
59 -169 466
60 901 -113
61 -216 -744
62 486 821
63 34 -708
64 208 708
65 -411 -684
66 -436 188
67 -778 144
68 349 -802
69 -754 423
70 668 169
71 871 140
72 -280 307
73 206 -105
74 365 -942
75 218 -199
76 -305 -719
77 -285 507
78 886 -701
79 90 -237
80 868 -313
81 -826 -212
82 -9 -266
83 846 -187
84 -894 -866
85 624 170
86 305 -468
87 14 191
88 85 -763
89 -791 639
90 -376 -45
91 231 -292
92 504 -308
93 95 800
94 318 -216
95 -265 138
96 -638 195
97 -283 -735
98 175 196
99 -314 173
100 631 -32
101 353 401
102 -215 674
103 892 734
104 -389 -969
105 851 850
106 -832 325
107 -434 207
108 945 -815
109 -338 -553
110 989 772
111 -154 460
112 -626 404
113 875 966
114 -144 -997
115 731 119
116 -614 91
117 -763 -941
118 -966 -947
119 -220 719
120 181 941
121 890 -313
122 -533 254
123 -769 872
124 81 641
125 939 -368
126 -178 137
127 799 246
128 252 620
129 -777 649
130 633 -367
131 201 -103
132 -640 -136
133 -982 -908
134 77 161
135 -978 42
136 -809 291
137 706 975
138 -871 950
139 9 413
140 476 -823
141 -847 -24
142 888 -486
143 164 -662
144 193 609
145 154 -501
146 -288 -809
147 -587 -995
148 24 -193
149 761 452
150 681 -984
151 -316 -185
152 -193 -228
153 -842 79
154 -593 278
155 212 -714
156 973 -740
157 -524 -693
158 -415 -58
159 -583 797
160 7 -760
161 -725 27
162 -881 -211
163 -373 -696
164 584 731
165 672 -304
166 85 -616
167 778 -254
168 549 885
169 185 833
170 -77 46
171 69 -561
172 -36 -354
173 650 655
174 -811 433
175 -232 -867
176 463 -33
177 972 89
178 48 609
179 -163 742
180 79 -163
181 293 606
182 -690 -252
183 -920 -994
184 351 227
185 -106 -276
186 -748 218
187 -774 278
188 -594 184
189 598 658
190 132 -738
191 425 116
192 707 -737
193 -898 -977
194 627 924
195 -53 100
196 -167 -781
197 321 203
198 192 -192
199 73 -288
200 821 -691
201 -217 -770
202 -187 937
203 -271 460
204 -52 -235
205 662 -178
206 -449 -328
207 620 -407
208 999 821
209 17 90
210 -829 10
211 984 827
212 -903 -719
213 -674 -929
214 734 758
215 -106 -90
216 -904 764
217 203 -526
218 398 783
219 417 -516
220 911 -346
221 -218 623
222 -21 -332
223 680 -667
224 633 766
225 -702 -636
226 -841 254
227 -724 27
228 -630 363
229 -185 175
230 35 208
231 50 552
232 -646 -610
233 -832 622
234 780 897
235 126 -904
236 -578 -724
237 603 -606
238 122 436
239 -820 -524
240 837 -667
241 -375 -345
242 -910 -648
243 -789 342
244 215 414
245 800 -502
246 -878 216
247 -825 384
248 731 530
249 531 -792
250 -479 919
251 909 419
252 519 -29
253 -92 61
254 -260 807
255 70 -891
256 328 -736
257 -750 287
258 -351 441
259 950 -51
260 -863 -498
261 921 -666
262 753 -209
263 932 -812
264 -351 -376
265 -88 -473
266 -248 -391
267 -492 -958
268 -578 788
269 -963 924
270 -655 -96
271 613 -644
272 -863 -257
273 856 -501
274 -173 618
275 269 -98
276 71 420
277 247 -308
278 547 916
279 42 770
280 449 660
281 -447 -268
282 -652 -834
283 -179 -632
284 411 135
285 573 916
286 663 -161
287 454 974
288 904 813
289 988 -5
290 112 816
291 922 -98
292 -104 -709
293 -34 -92
294 -875 481
295 176 -370
296 -596 -208
297 957 166
298 650 -58
299 -621 85
300 -971 648
301 -444 -404
302 -334 107
303 623 -780
304 564 532
305 265 781
306 706 -630
307 368 -732
308 -972 640
309 -387 -159
310 -632 885
311 418 -537
312 224 675
313 -768 349
314 246 473
315 995 83
316 -376 883
317 -967 -244
318 951 -247
319 -511 887
320 -946 -361
321 528 -305
322 312 -870
323 -155 747
324 428 -359
325 418 128
326 -750 -194
327 133 615
328 953 -213
329 -171 -257
330 -243 -984
331 -61 59
332 -428 -517
333 -290 -24
334 254 -424
335 371 -85
336 -467 -81
337 529 -364
338 -723 654
339 -72 486
340 55 165
341 360 -171
342 936 -629
343 -330 -983
344 -846 -420
345 -317 461
346 -904 -757
347 -524 -844
348 -115 609
349 846 -829
350 -4 24
351 568 -67
352 306 367
353 -165 -287
354 -256 283
355 892 -81
356 -330 831
357 578 -690
358 238 -759
359 727 -484
360 842 -425
361 -486 -600
362 110 -681
363 -72 490
364 -915 -768
365 -741 300
366 -595 820
367 642 -523
368 997 943
369 -514 61
370 775 240
371 544 -741
372 -552 -419
373 -463 212
374 947 -705
375 715 -815
376 -893 788
377 -165 -963
378 -314 -393
379 -230 38
380 584 257
381 785 -294
382 490 -830
383 -321 989
384 507 -291
385 -779 -604
386 -522 -602
387 150 -4
388 -286 436
389 803 738
390 687 951
391 -81 -321
392 -105 -119
393 -171 865
394 -493 800
395 -485 -643
396 961 -970
397 243 562
398 761 127
399 -820 221
400 758 -899
