-929 -153
-167 -40
-552 997
-755 -46
-338 -850
706 701
-807 -536
-650 -532
376 -241
-418 238
36 -11
-4 205
-833 122
362 -22
-712 818
-832 -684
-329 -269
560 -185
-85 639
495 -282
-572 -433
78 764
483 712
110 8
714 658
344 -862
-691 -296
-869 -342
-363 777
-811 481
442 25
620 506
426 362
402 -872
241 -325
-985 -368
-943 602
-979 210
-930 -286
-36 -937
-697 226
-296 629
-43 -214
366 -230
709 456
45 648
-549 -890
920 142
837 -549
880 -120
914 -225
-729 -354
952 -124
80 316
-368 859
933 -264
-323 -735
-153 -114
-169 466
901 -113
-216 -744
486 821
34 -708
208 708
-411 -684
-436 188
-778 144
349 -802
-754 423
668 169
871 140
-280 307
206 -105
365 -942
218 -199
-305 -719
-285 507
886 -701
90 -237
868 -313
-826 -212
-9 -266
846 -187
-894 -866
624 170
305 -468
14 191
85 -763
-791 639
-376 -45
231 -292
504 -308
95 800
318 -216
-265 138
-638 195
-283 -735
175 196
-314 173
631 -32
353 401
-215 674
892 734
-389 -969
851 850
-832 325
-434 207
945 -815
-338 -553
989 772
-154 460
-626 404
875 966
-144 -997
731 119
-614 91
-763 -941
-966 -947
-220 719
181 941
890 -313
-533 254
-769 872
81 641
939 -368
-178 137
799 246
252 620
-777 649
633 -367
201 -103
-640 -136
-982 -908
77 161
-978 42
-809 291
706 975
-871 950
9 413
476 -823
-847 -24
888 -486
164 -662
193 609
154 -501
-288 -809
-587 -995
24 -193
761 452
681 -984
-316 -185
-193 -228
-842 79
-593 278
212 -714
973 -740
-524 -693
-415 -58
-583 797
7 -760
-725 27
-881 -211
-373 -696
584 731
672 -304
85 -616
778 -254
549 885
185 833
-77 46
69 -561
-36 -354
650 655
-811 433
-232 -867
463 -33
972 89
48 609
-163 742
79 -163
293 606
-690 -252
-920 -994
351 227
-106 -276
-748 218
-774 278
-594 184
598 658
132 -738
425 116
707 -737
-898 -977
627 924
-53 100
-167 -781
321 203
192 -192
73 -288
821 -691
-217 -770
-187 937
-271 460
-52 -235
662 -178
-449 -328
620 -407
999 821
17 90
-829 10
984 827
-903 -719
-674 -929
734 758
-106 -90
-904 764
203 -526
398 783
417 -516
911 -346
-218 623
-21 -332
680 -667
633 766
-702 -636
-841 254
-724 27
-630 363
-185 175
35 208
50 552
-646 -610
-832 622
780 897
126 -904
-578 -724
603 -606
122 436
-820 -524
837 -667
-375 -345
-910 -648
-789 342
215 414
800 -502
-878 216
-825 384
731 530
531 -792
-479 919
909 419
519 -29
-92 61
-260 807
70 -891
328 -736
-750 287
-351 441
950 -51
-863 -498
921 -666
753 -209
932 -812
-351 -376
-88 -473
-248 -391
-492 -958
-578 788
-963 924
-655 -96
613 -644
-863 -257
856 -501
-173 618
269 -98
71 420
247 -308
547 916
42 770
449 660
-447 -268
-652 -834
-179 -632
411 135
573 916
663 -161
454 974
904 813
988 -5
112 816
922 -98
-104 -709
-34 -92
-875 481
176 -370
-596 -208
957 166
650 -58
-621 85
-971 648
-444 -404
-334 107
623 -780
564 532
265 781
706 -630
368 -732
-972 640
-387 -159
-632 885
418 -537
224 675
-768 349
246 473
995 83
-376 883
-967 -244
951 -247
-511 887
-946 -361
528 -305
312 -870
-155 747
428 -359
418 128
-750 -194
133 615
953 -213
-171 -257
-243 -984
-61 59
-428 -517
-290 -24
254 -424
371 -85
-467 -81
529 -364
-723 654
-72 486
55 165
360 -171
936 -629
-330 -983
-846 -420
-317 461
-904 -757
-524 -844
-115 609
846 -829
-4 24
568 -67
306 367
-165 -287
-256 283
892 -81
-330 831
578 -690
238 -759
727 -484
842 -425
-486 -600
110 -681
-72 490
-915 -768
-741 300
-595 820
642 -523
997 943
-514 61
775 240
544 -741
-552 -419
-463 212
947 -705
715 -815
-893 788
-165 -963
-314 -393
-230 38
584 257
785 -294
490 -830
-321 989
507 -291
-779 -604
-522 -602
150 -4
-286 436
803 738
687 951
-81 -321
-105 -119
-171 865
-493 800
-485 -643
961 -970
243 562
761 127
-820 221
758 -899
