-810 735
-438 534
-64 -288
-472 -621
239 -359
631 287
20 -335
-969 -501
495 -560
-67 667
-727 -671
-577 846
-867 627
833 -827
-582 42
-79 242
-818 476
-591 -614
644 89
-603 109
287 376
509 -280
6 638
-245 -55
-823 -463
-756 418
703 907
705 -461
-387 -231
-385 -711
-815 448
550 558
-990 -561
-695 -122
993 493
-124 -631
895 782
353 -786
-433 -634
-343 -86
-224 -700
-435 -316
534 183
-808 -173
604 337
508 -877
509 916
244 99
-160 -216
295 407
940 -642
-19 -566
-100 515
763 36
46 886
946 913
593 -919
-132 -924
-449 994
351 -314
183 -999
-628 -206
17 76
834 888
-550 -603
-631 425
-67 -5
-222 205
221 301
1 -92
410 922
729 388
-63 -562
-309 -701
332 -607
-831 -216
486 -265
-517 -734
-514 -359
176 -69
435 -387
517 -601
958 -717
63 -56
570 37
354 -223
-79 264
-245 -239
-559 -562
3 -289
415 90
-503 -663
-933 -398
-83 852
484 -794
656 580
-933 84
-995 -779
-503 809
-492 -886
-399 199
323 346
-242 534
-599 523
227 456
258 372
76 35
740 860
466 828
-718 -268
364 859
910 -202
-572 -510
-532 -604
189 -691
515 -339
386 -433
-862 498
642 -116
911 -619
-801 -326
27 -317
445 213
573 411
899 -875
376 -404
167 -197
618 915
699 -522
991 -840
291 186
180 -925
-399 -814
428 -745
-364 -306
-653 -764
26 354
-422 301
-856 -570
-312 -457
381 -277
-899 428
978 558
-639 754
216 -871
-369 -66
558 -998
-678 -422
221 -642
382 633
251 -263
-285 -18
539 681
-416 547
-577 642
-647 145
941 -869
-764 900
-24 134
532 -392
377 -635
856 583
-950 -220
-590 -886
-988 -162
-856 -876
833 387
679 -220
-454 -233
681 51
-752 657
575 -133
-417 398
988 -185
-363 826
-684 -609
-313 683
826 -609
255 206
-289 492
877 804
854 -2
-712 -479
473 -916
-796 556
821 -988
758 -378
277 -699
-112 -888
818 881
-340 -565
-940 588
263 -146
576 329
398 -622
-392 -360
221 282
153 39
-532 330
54 407
